No reference point provided: using the origin
hv(1) = 9.4030642169
Time: 0.000000 (s)
