No reference point provided: using the origin
hv(1) = 9.6835531747
Time: 0.000128 (s)
