No reference point provided: using the origin
hv(1) = 10.3067042421
Time: 0.000179 (s)
