No reference point provided: using the origin
hv(1) = 10.4748228351
Time: 0.000182 (s)
