No reference point provided: using the origin
hv(1) = 10.4651463575
Time: 0.000178 (s)
