No reference point provided: using the origin
hv(1) = 10.5839892704
Time: 0.000162 (s)
