No reference point provided: using the origin
hv(1) = 10.6108749149
Time: 0.000000 (s)
