No reference point provided: using the origin
hv(1) = 10.4602987507
Time: 0.000170 (s)
