No reference point provided: using the origin
hv(1) = 10.1854590840
Time: 0.000175 (s)
