No reference point provided: using the origin
hv(1) = 9.8755784997
Time: 0.000193 (s)
