No reference point provided: using the origin
hv(1) = 9.8252079205
Time: 0.000170 (s)
