No reference point provided: using the origin
hv(1) = 10.0233961340
Time: 0.000000 (s)
