No reference point provided: using the origin
hv(1) = 9.8983339001
Time: 0.000000 (s)
