No reference point provided: using the origin
hv(1) = 9.9889023595
Time: 0.000000 (s)
