No reference point provided: using the origin
hv(1) = 9.8915698563
Time: 0.000000 (s)
