No reference point provided: using the origin
hv(1) = 10.4616503633
Time: 0.000194 (s)
