No reference point provided: using the origin
hv(1) = 10.5344076932
Time: 0.000000 (s)
