No reference point provided: using the origin
hv(1) = 10.6765905356
Time: 0.000188 (s)
