No reference point provided: using the origin
hv(1) = 10.2827184064
Time: 0.000170 (s)
