No reference point provided: using the origin
hv(1) = 10.1694443265
Time: 0.000000 (s)
