No reference point provided: using the origin
hv(1) = 10.4054707222
Time: 0.000164 (s)
