No reference point provided: using the origin
hv(1) = 10.0144005800
Time: 0.000000 (s)
