No reference point provided: using the origin
hv(1) = 10.0564764058
Time: 0.000160 (s)
