No reference point provided: using the origin
hv(1) = 10.2393259116
Time: 0.000174 (s)
