No reference point provided: using the origin
hv(1) = 10.2540177841
Time: 0.000187 (s)
