No reference point provided: using the origin
hv(1) = 10.2963994402
Time: 0.000183 (s)
