No reference point provided: using the origin
hv(1) = 10.5441242314
Time: 0.000182 (s)
