No reference point provided: using the origin
hv(1) = 10.2611437690
Time: 0.000000 (s)
