No reference point provided: using the origin
hv(1) = 10.2499084695
Time: 0.000188 (s)
