No reference point provided: using the origin
hv(1) = 10.1578302306
Time: 0.000188 (s)
