No reference point provided: using the origin
hv(1) = 10.4409843257
Time: 0.000000 (s)
