No reference point provided: using the origin
hv(1) = 10.5804320183
Time: 0.000152 (s)
