No reference point provided: using the origin
hv(1) = 10.3652159156
Time: 0.000172 (s)
