No reference point provided: using the origin
hv(1) = 10.3427766294
Time: 0.000177 (s)
