No reference point provided: using the origin
hv(1) = 10.3118900837
Time: 0.000237 (s)
