No reference point provided: using the origin
hv(1) = 10.5583273569
Time: 0.000000 (s)
