No reference point provided: using the origin
hv(1) = 10.5139568293
Time: 0.000222 (s)
