No reference point provided: using the origin
hv(1) = 10.5654603067
Time: 0.000235 (s)
