No reference point provided: using the origin
hv(1) = 10.3144707067
Time: 0.000181 (s)
