No reference point provided: using the origin
hv(1) = 10.3442266292
Time: 0.000000 (s)
