No reference point provided: using the origin
hv(1) = 10.1398005447
Time: 0.000197 (s)
