No reference point provided: using the origin
hv(1) = 10.4480454960
Time: 0.000155 (s)
