No reference point provided: using the origin
hv(1) = 10.4524866216
Time: 0.000184 (s)
