No reference point provided: using the origin
hv(1) = 10.2204555857
Time: 0.000160 (s)
