No reference point provided: using the origin
hv(1) = 10.3140458318
Time: 0.000166 (s)
