No reference point provided: using the origin
hv(1) = 9.9179589150
Time: 0.000162 (s)
