No reference point provided: using the origin
hv(1) = 10.0046586285
Time: 0.000170 (s)
