No reference point provided: using the origin
hv(1) = 10.3625695587
Time: 0.000000 (s)
