No reference point provided: using the origin
hv(1) = 10.3989831213
Time: 0.000175 (s)
