No reference point provided: using the origin
hv(1) = 10.5037836701
Time: 0.000173 (s)
