No reference point provided: using the origin
hv(1) = 10.4577652220
Time: 0.000000 (s)
