No reference point provided: using the origin
hv(1) = 10.3224663739
Time: 0.000186 (s)
