No reference point provided: using the origin
hv(1) = 10.2135574832
Time: 0.000000 (s)
