No reference point provided: using the origin
hv(1) = 10.2302296400
Time: 0.000176 (s)
