No reference point provided: using the origin
hv(1) = 0.0000000000
Time: 0.000005 (s)
