No reference point provided: using the origin
hv(1) = 1.6939100453
Time: 0.000000 (s)
