No reference point provided: using the origin
hv(1) = 1.7821693856
Time: 0.000000 (s)
