No reference point provided: using the origin
hv(1) = 1.7824053999
Time: 0.000000 (s)
