No reference point provided: using the origin
hv(1) = 1.7826866753
Time: 0.000009 (s)
